-0.06468784838350317
0.03798773690078505
0.001978818283163264
-0.005602006688949501
-0.0498606465997824
-0.06201226309921282
-0.024108138238560173
0.03085284280936662
-0.005490523968795458
-0.07617056856187432
0.015245261984404124
0.20186733556299075
0.06107395020436357
-0.020196952805644486
-0.06869193608325119
-0.1392604979561547
-0.03870308435525516
0.06642512077294072
0.07032701597917423
0.03755109624674091
0.004886659234475843
0.03164251207730118
0.025956893348190846
-0.03101077666295282
-0.1575715347454434
-0.010748792270540264
-0.03939985135638935
-0.06437198067632721
-0.003390932738760455
0.07843738387216348
0.07765700483091464
0.0323950204384893
-0.01966740988481419
-0.0007153474544665528
0.012328130806377402
0.09504830917873619
0.006215161649944179
-0.02399665551838126
-0.02299331103678881
-0.04718506131548139
-0.05142140468226941
-0.04640468227424677
-0.06100891861761326
-0.043283166109237214
-0.037820512820534447
0.03520066889632645
0.011677814938686026
0.2810200668896421
0.27914344109996136
0.11615570419917987
-0.14549424005945966
-0.09766815310296906
-0.04984206614641806
-0.01383314752878917
-0.0003437383872153532
0.004227053140091641
0.05785024154585727
0.018162393162413082
-0.0410349312523266
-0.12732255667038928
0.03716090672614314
-0.03998513563732331
-0.03619472315122252
-0.035748792270517527
-0.023931623931638057
-0.03050910442214061
0.03203270159792737
0.07495354886659555
0.09167595689335073
0.05811965811965436
-0.06384243775550047
-0.063730955035318
0.0822556670382859
0.1347640282423086
0.19039390561129466
0.06765143069489099
0.07824228911183084
0.045243403939092985
0.10098476402824375
0.04803047194353027
-0.08273875882572312
-0.1461724266072011
-0.1954477889260815
-0.3232069862504581
-0.21034002229654902
-0.0032051282051277497
0.20337235228540962
0.20259197324415013
0.17739687848382957
0.1991360089186216
0.09768673355628721
-0.09896878483836602
-0.19105351170569307
-0.23330546265329133
-0.05872352285395266
-0.08458751393536801
0.03810850984764613
0.01347082868824856
0.018041620215559107
0.03900037160907033
0.277573392790778
0.32885544407282197
0.12762913415084398
-0.1002415458936774
-0.2096060943887217
-0.20414344109996563
-0.18630620587143198
-0.14238201412113938
0.06282051282047618
0.054459308807143
-0.054013377926430906
-0.09659977703458011
-0.03483835005572189
0.002731326644365595
-0.04643255295428261
0.22647714604235247
0.2197881828316568
0.09782608695651618
-0.15702341137121323
-0.2751950947603028
-0.131150130063169
-0.07819583797842711
-0.019890375325147147
-0.008853586027491644
-0.0276941657376355
0.003966926793019354
0.012439613526584736
0.0236993682645803
0.0070884429580040376
0.0299424005945248
0.1325065031586945
0.05614083983647333
0.055397621701999356
0.0967577108881521
0.16710330732070844
0.2538368636194619
0.13822928279450153
0.040013006317344946
-0.011046079524351882
-0.1472779635823116
-0.18339836492008388
-0.16689892233370074
-0.10725566703830225
-0.13546079524340016
-0.0516072092158808
-0.08215347454480337
0.025761798587907947
0.10792456335932954
0.08016536603492241
0.06165923448534372
-0.06364734299516783
0.042038275733936814
0.0844017094017282
0.020076179858779852
-0.11437198067632082
-0.11024712002971881
0.21375882571534532
0.2002694165737715
-0.03072277963581982
0.04976774433295006
0.014650687476756019
0.01688034188030585
-0.050343738387191195
-0.09750092902264385
-0.13128019323672646
-0.14934039390560727
-0.08590672612410089
0.04976774433296427
0.048476402824249476
-0.04672984020810844
-0.1336863619472588
-0.1448346339650648
-0.0588814567075282
0.03699368264586056
-0.0694723151244716
0.0008732813080705171
0.05995912300259576
0.1387774061686997
0.12328130806393034
0.045243403939039695
-0.06333147528798477
0.02172984020808144
0.09720364176887486
0.11515235971759097
-0.005471943515434674
-0.043821999256774546
-0.10424563359345385
-0.0951040505388363
-0.10480304719434841
0.009355258268289646
0.07947788926048105
0.09385916016351814
-0.022519509476037314
-0.040245261984406255
-0.025195094760341874
0.019620958751392692
0.012820512820507446
-0.032998885172787595
-0.028985507246360953
-0.016499442586379587
0.024526198439222213
0.043366778149373175
0.06521739130434057
0.0008918617614313007
-0.08215347454478206
-0.11693608324045002
-0.10210888145672214
-0.11961166852471905
-0.0712281679672806
-0.00010219249348963899
0.18451319212191564
0.16177071720549918
0.05954106280195148
0.08651988108512043
0.06321999256782718
-0.06342437755481001
-0.1256874767744378
-0.09569862504644888
0.0005109624674837221
0.018236714975863322
0.01689892233374124
0.049563359345974334
0.02726681531027353
0.06873838721667624
0.09170382757340789
0.03886101820882715
-0.07875325157933588
-0.011640654031960906
-0.0587978446674029
-0.08722593831286929
-0.19893162393162456
-0.18087142326275085
-0.07429394277218648
0.038749535488666
0.20441285767373074
0.0985042735042505
-0.006958379784457236
0.06806949089559211
0.10898364920101855
0.0883593459680263
-0.1367428465254541
-0.05502601263471263
0.07106094388703355
0.029700854700855928
0.044193608324064826
0.003167967298423946
0.022008547008557144
0.01810665180231652
-0.022473058342619368
-0.03272946859903669
0.032933853586023076
0.02579895949458333
0.08682645856556803
0.1992010405053648
0.07411742846526437
-0.02153474544777012
-0.005592716462253122
-0.026105536975073562
-0.037253808992918636
-0.04907097733185495
-0.09923820141214534
-0.053976217019730655
-0.08842437755478727
0.021051653660350667
-0.8177814938684556
-0.16382385730210913
0.1061872909699062
0.15758082497214687
0.1607023411371209
0.05234113712376143
0.02045707915273809
0.14442586399109203
0.16371237458192311
0.06616499442586843
0.04175027870680026
0.0682831661092429
0.022250092902261542
-0.0032794500185886477
0.04655332590113659
0.05725566703827667
0.03295243403939452
-0.07117242660721246
0.06048866592345448
0.09738944630248625
-0.04274433296173186
-0.05801746562616472
-0.1018301746562571
-0.03984578223710855
